# written by tools/stick_link/adpcm.py --write-vectors; do not edit
silence 0 0 64
0 0 0 0 0 0 0 0 0 0 0 0 0 0 0 0 0 0 0 0 0 0 0 0 0 0 0 0 0 0 0 0 0 0 0 0 0 0 0 0 0 0 0 0 0 0 0 0 0 0 0 0 0 0 0 0 0 0 0 0 0 0 0 0
0000000000000000000000000000000000000000000000000000000000000000
0 0 0 0 0 0 0 0 0 0 0 0 0 0 0 0 0 0 0 0 0 0 0 0 0 0 0 0 0 0 0 0 0 0 0 0 0 0 0 0 0 0 0 0 0 0 0 0 0 0 0 0 0 0 0 0 0 0 0 0 0 0 0 0
0 0
tone_1k 0 0 480
0 3105 5999 8485 10392 11591 12000 11591 10392 8485 6000 3105 0 -3105 -5999 -8485 -10392 -11591 -12000 -11591 -10392 -8485 -6000 -3105 0 3105 5999 8485 10392 11591 12000 11591 10392 8485 5999 3105 0 -3105 -5999 -8485 -10392 -11591 -12000 -11591 -10392 -8485 -6000 -3105 0 3105 5999 8485 10392 11591 12000 11591 10392 8485 6000 3105 0 -3105 -5999 -8485 -10392 -11591 -12000 -11591 -10392 -8485 -6000 -3105 0 3105 5999 8485 10392 11591 12000 11591 10392 8485 6000 3105 0 -3105 -5999 -8485 -10392 -11591 -12000 -11591 -10392 -8485 -6000 -3105 0 3105 5999 8485 10392 11591 12000 11591 10392 8485 6000 3105 0 -3105 -5999 -8485 -10392 -11591 -12000 -11591 -10392 -8485 -6000 -3105 0 3105 5999 8485 10392 11591 12000 11591 10392 8485 6000 3105 0 -3105 -5999 -8485 -10392 -11591 -12000 -11591 -10392 -8485 -6000 -3105 0 3105 5999 8485 10392 11591 12000 11591 10392 8485 6000 3105 0 -3105 -5999 -8485 -10392 -11591 -12000 -11591 -10392 -8485 -6000 -3105 0 3105 5999 8485 10392 11591 12000 11591 10392 8485 6000 3105 0 -3105 -5999 -8485 -10392 -11591 -12000 -11591 -10392 -8485 -6000 -3105 0 3105 5999 8485 10392 11591 12000 11591 10392 8485 6000 3105 0 -3105 -5999 -8485 -10392 -11591 -12000 -11591 -10392 -8485 -5999 -3105 0 3105 6000 8485 10392 11591 12000 11591 10392 8485 6000 3105 0 -3105 -5999 -8485 -10392 -11591 -12000 -11591 -10392 -8485 -6000 -3105 0 3105 6000 8485 10392 11591 12000 11591 10392 8485 6000 3105 0 -3105 -5999 -8485 -10392 -11591 -12000 -11591 -10392 -8485 -6000 -3105 0 3105 5999 8485 10392 11591 12000 11591 10392 8485 6000 3105 0 -3105 -5999 -8485 -10392 -11591 -12000 -11591 -10392 -8485 -6000 -3105 0 3105 5999 8485 10392 11591 12000 11591 10392 8485 6000 3105 0 -3105 -5999 -8485 -10392 -11591 -12000 -11591 -10392 -8485 -6000 -3105 0 3105 5999 8485 10392 11591 12000 11591 10392 8485 6000 3105 0 -3105 -5999 -8485 -10392 -11591 -12000 -11591 -10392 -8485 -6000 -3105 0 3105 5999 8485 10392 11591 12000 11591 10392 8485 6000 3105 0 -3105 -5999 -8485 -10392 -11591 -12000 -11591 -10392 -8485 -6000 -3105 0 3105 5999 8485 10392 11591 12000 11591 10392 8485 5999 3105 0 -3105 -5999 -8485 -10392 -11591 -12000 -11591 -10392 -8485 -6000 -3105 0 3105 5999 8485 10392 11591 12000 11591 10392 8485 6000 3105 0 -3105 -5999 -8485 -10392 -11591 -12000 -11591 -10392 -8485 -6000 -3105 0 3105 5999 8485 10392 11591 12000 11591 10392 8485 6000 3105 0 -3105 -5999 -8485 -10392 -11591 -12000 -11591 -10392 -8485 -6000 -3105 0 3105 5999 8485 10392 11591 12000 11591 10392 8485 6000 3105 0 -3105 -5999 -8485 -10392 -11591 -12000 -11591 -10392 -8485 -6000 -3105 0 3105 5999 8485 10392 11591 12000 11591 10392 8485 6000 3105 0 -3105 -5999 -8485 -10392 -11591 -12000 -11591 -10392 -8485 -6000 -3105
7077777737bbbdab9b08424434231380caccbcab9b08424434231380caccbcab9b08424434231380caccbcab9b08424434231380caccbcab9b08424434231380caccbcab9b08424434231380caccbcab9b08424434231380caccbcab9b08424434231380caccbcab9b08424434231380caccbcab9b08424434231380caccbcab9b08424434231380caccbcab9b08424434231380caccbcab9b08424434231380caccbcab9b08424434231380caccbcab9b08424434231380caccbcab9b08424434231380caccbcab9b08424434231380caccbcab9b08424434231380caccbcab9b08424434231380caccbcab9b084244
0 11 41 104 240 533 1164 2521 5431 8340 5694 3290 -145 -3347 -6256 -8146 -10550 -11486 -11770 -11512 -10339 -8419 -6095 -3284 118 3320 6229 8119 10523 11459 11743 11485 10312 8392 6068 3257 -145 -3347 -6256 -8146 -10550 -11486 -11770 -11512 -10339 -8419 -6095 -3284 118 3320 6229 8119 10523 11459 11743 11485 10312 8392 6068 3257 -145 -3347 -6256 -8146 -10550 -11486 -11770 -11512 -10339 -8419 -6095 -3284 118 3320 6229 8119 10523 11459 11743 11485 10312 8392 6068 3257 -145 -3347 -6256 -8146 -10550 -11486 -11770 -11512 -10339 -8419 -6095 -3284 118 3320 6229 8119 10523 11459 11743 11485 10312 8392 6068 3257 -145 -3347 -6256 -8146 -10550 -11486 -11770 -11512 -10339 -8419 -6095 -3284 118 3320 6229 8119 10523 11459 11743 11485 10312 8392 6068 3257 -145 -3347 -6256 -8146 -10550 -11486 -11770 -11512 -10339 -8419 -6095 -3284 118 3320 6229 8119 10523 11459 11743 11485 10312 8392 6068 3257 -145 -3347 -6256 -8146 -10550 -11486 -11770 -11512 -10339 -8419 -6095 -3284 118 3320 6229 8119 10523 11459 11743 11485 10312 8392 6068 3257 -145 -3347 -6256 -8146 -10550 -11486 -11770 -11512 -10339 -8419 -6095 -3284 118 3320 6229 8119 10523 11459 11743 11485 10312 8392 6068 3257 -145 -3347 -6256 -8146 -10550 -11486 -11770 -11512 -10339 -8419 -6095 -3284 118 3320 6229 8119 10523 11459 11743 11485 10312 8392 6068 3257 -145 -3347 -6256 -8146 -10550 -11486 -11770 -11512 -10339 -8419 -6095 -3284 118 3320 6229 8119 10523 11459 11743 11485 10312 8392 6068 3257 -145 -3347 -6256 -8146 -10550 -11486 -11770 -11512 -10339 -8419 -6095 -3284 118 3320 6229 8119 10523 11459 11743 11485 10312 8392 6068 3257 -145 -3347 -6256 -8146 -10550 -11486 -11770 -11512 -10339 -8419 -6095 -3284 118 3320 6229 8119 10523 11459 11743 11485 10312 8392 6068 3257 -145 -3347 -6256 -8146 -10550 -11486 -11770 -11512 -10339 -8419 -6095 -3284 118 3320 6229 8119 10523 11459 11743 11485 10312 8392 6068 3257 -145 -3347 -6256 -8146 -10550 -11486 -11770 -11512 -10339 -8419 -6095 -3284 118 3320 6229 8119 10523 11459 11743 11485 10312 8392 6068 3257 -145 -3347 -6256 -8146 -10550 -11486 -11770 -11512 -10339 -8419 -6095 -3284 118 3320 6229 8119 10523 11459 11743 11485 10312 8392 6068 3257 -145 -3347 -6256 -8146 -10550 -11486 -11770 -11512 -10339 -8419 -6095 -3284 118 3320 6229 8119 10523 11459 11743 11485 10312 8392 6068 3257 -145 -3347 -6256 -8146 -10550 -11486 -11770 -11512 -10339 -8419 -6095 -3284 118 3320 6229 8119 10523 11459 11743 11485 10312 8392 6068 3257 -145 -3347 -6256 -8146 -10550 -11486 -11770 -11512 -10339 -8419 -6095 -3284 118 3320 6229 8119 10523 11459 11743 11485 10312 8392 6068 3257 -145 -3347 -6256 -8146 -10550 -11486 -11770 -11512 -10339 -8419 -6095 -3284 118 3320 6229 8119 10523 11459 11743 11485 10312 8392 6068 3257 -145 -3347 -6256 -8146 -10550 -11486 -11770 -11512 -10339 -8419 -6095 -3284
-3284 63
chirp 0 0 480
0 485 999 1538 2101 2682 3280 3887 4499 5109 5709 6290 6843 7358 7823 8227 8559 8806 8956 8999 8923 8719 8380 7902 7281 6518 5617 4588 3444 2201 882 -485 -1871 -3239 -4550 -5766 -6843 -7742 -8423 -8851 -9000 -8846 -8380 -7603 -6528 -5182 -3606 -1856 0 1885 3714 5396 6843 7971 8708 8997 8803 8116 6957 5373 3444 1276 -999 -3239 -5290 -7003 -8245 -8908 -8923 -8263 -6957 -5085 -2781 -220 2386 4814 6843 8274 8956 8800 7794 6011 3606 808 -2101 -4814 -7031 -8488 -9000 -8478 -6957 -4588 -1640 1538 4550 7003 8559 8986 8197 6269 3444 103 -3280 -6205 -8221 -8997 -8380 -6436 -3444 132 3714 6698 8559 8949 7764 5182 1640 -2229 -5709 -8129 -9000 -8116 -5617 -1971 2101 5766 8245 8986 7794 4889 882 -3348 -6843 -8781 -8677 -6518 -2781 1654 5709 8364 8923 7202 3606 -955 -5290 -8227 -8944 -7202 -3444 1306 5709 8488 8803 6518 2272 -2682 -6843 -8908 -8197 -4889 0 4914 8245 8867 6528 1971 -3280 -7425 -9000 -7408 -3170 2229 6843 8963 7764 3647 -1871 -6698 -8956 -7727 -3444 2229 7031 8997 7281 2542 -3280 -7742 -8923 -6269 -882 4914 8559 8396 4448 -1538 -6843 -8999 -6957 -1625 4499 8488 8380 4177 -2101 -7358 -8944 -6011 0 6033 8956 7202 1640 -4814 -8708 -7902 -2781 3887 8423 8263 3444 -3348 -8245 -8396 -3660 3239 8245 8353 3444 -3566 -8423 -8116 -2781 4307 8708 7603 1640 -5396 -8956 -6678 0 6698 8944 5182 -2101 -7971 -8380 -2990 4499 8851 6957 103 -6843 -8867 -4448 3239 8559 7540 882 -6456 -8923 -4588 3280 8633 7281 220 -7031 -8719 -3444 4614 8956 6011 -1871 -8227 -7764 -808 6843 8719 3170 -5109 -9000 -5085 3280 8781 6528 -1538 -8245 -7540 0 7556 8197 1276 -6843 -8590 -2272 6205 8803 2990 -5709 -8904 -3444 5396 8944 3647 -5290 -8949 -3606 5396 8923 3321 -5709 -8846 -2781 6205 8677 1971 -6843 -8353 -882 7556 7794 -485 -8245 -6910 2101 8781 5617 -3887 -9000 -3861 5709 8719 1640 -7358 -7764 955 8559 6011 -3714 -8999 -3444 6290 8380 220 -8221 -6518 3280 8999 3444 -6456 -8197 485 8559 5652 -4550 -8867 -1640 7742 6957 -3018 -9000 -2990 7031 7603 -2101 -8963 -3606 6698 7794 -1885 -8956 -3539 6843 7603 -2386 -8997 -2781 7425 6957 -3566 -8923 -1276 8245 5652 -5290 -8396 999 8908 3444 -7220 -6957 3887 8803 220 -8708 -4177 6843 7202 -3714 -8800 0 8806 3606 -7358 -6528 4814 8380 -1654 -9000 -1625 8423 4588 -6843 -6910 4550 8396 -1871 -8986 -882 8726 3444 -7742 -5617 6205 7281 -4307 -8380 2229 8923 -132 -8956 -1856 8559 3647 -7823 -5182 6843 6436 -5709 -7408 4499 8116 -3280 -8590 2101 8867 -999 -8986 0 8988 882 -8908 -1640 8781 2272 -8633 -2781 8488 3170 -8364 -3444 8274 3606 -8227 -3660 8227 3606 -8274 -3444 8364 3170 -8488 -2781 8633 2272 -8781 -1640 8908 882 -8988
7077777705110111010098b9ccccdbbbbcbbac990841443435332302a8cdccbbac8a185334252200bacdcbaa1842442302b9cdbb9a30363401b9cdab18522402a9cd9a10442290bcac186322a0bc9c304402cabb195412b8ad095312b9ad183483eb9a3125a8ad183491bc0a4482cb0b5302db0a4382bc1a44a1ac3824c99b5382bc2925b88d4291bb5803da1924b90c43b08c52a09b52a19c42a19c42b18c43c00a33d92a14cb30839e41a00c14c938829d42b82a04ac42b02b059c41b83a848d32ca30c22b049c33da30c12a958b14bb53c940b849b23b940d848b049b14ab43bb43da32d931c941b941c931c932bb
0 11 41 104 240 533 1164 2521 4655 4939 5713 6416 7055 7249 7777 8257 8693 8825 8945 9054 8955 8684 8438 7916 7304 6564 5669 4586 3567 2110 752 -481 -1923 -3281 -4514 -5635 -6946 -7827 -8307 -8743 -8875 -8755 -8427 -7532 -6449 -5138 -3551 -2059 75 2063 3870 5512 7004 7974 8855 9015 8870 8208 6885 5298 3378 1054 -1131 -3119 -5443 -7004 -8424 -8682 -8916 -8277 -6919 -4980 -2656 -471 2653 4731 6621 8338 8650 8934 7643 6001 3655 844 -1802 -4894 -6972 -8862 -9205 -8269 -6849 -4525 -1714 1688 4890 6968 8858 9201 8265 6277 3437 35 -3167 -6076 -7966 -8996 -8684 -6696 -3339 -137 3605 7127 8499 8914 7780 5376 1941 -2176 -6050 -8566 -9023 -7777 -5887 -2108 2421 5464 8231 8734 7362 5284 1126 -3855 -7203 -9028 -8475 -6966 -2849 2132 5480 8523 9076 7567 3450 -424 -4953 -7996 -8549 -7040 -3838 1567 5250 8598 9206 6439 1910 -2350 -7331 -9339 -8731 -4857 -328 5151 8834 9503 6460 1479 -3208 -7468 -9128 -7619 -3502 2586 6638 8847 8178 3918 -2170 -6222 -8431 -7762 -3502 2586 6638 8847 6839 2579 -3509 -7561 -8297 -6289 -810 4346 9033 8425 4551 -1991 -6448 -8879 -6670 -1983 4713 9170 8360 4677 -2689 -7591 -8482 -6051 579 6819 9250 7041 1014 -4659 -8342 -7673 -2194 4436 8893 8083 2927 -3100 -8773 -8037 -3350 3346 7803 8613 3457 -3909 -8811 -7920 -2247 4383 8840 8030 1400 -4840 -8892 -6683 -656 6638 9579 5122 -2172 -7074 -7965 -2292 4338 8795 6364 -266 -6506 -8937 -3781 3585 8487 7596 302 -6561 -9235 -5183 2920 8313 7333 1093 -7822 -9008 -3615 5210 8769 5534 -1329 -7569 -8379 -276 7274 8254 3797 -5118 -8677 -5442 3383 9315 6080 -783 -8806 -7728 -865 7158 8236 1373 -6650 -7728 -2826 6980 8285 2353 -5197 -8138 -3681 5234 8793 3400 -5425 -8984 -3591 5234 8793 3400 -5425 -8984 -3591 5234 8793 1243 -7582 -8768 -1218 7607 8793 -915 -7441 -6255 1295 8158 5484 -3431 -9363 -3970 4855 8414 864 -7961 -6775 775 7638 6747 -3789 -8095 -4180 6499 7934 1408 -9271 -7836 3911 8648 4342 -7405 -8984 1065 7591 6405 -5460 -10197 -3019 8728 7149 -2900 -9426 -3494 6214 7519 -3160 -10338 -3812 6867 8302 -834 -9139 -3746 7040 8475 -3272 -8009 -3703 8044 6465 -3584 -10110 -1805 7903 6598 -6454 -8191 -295 9754 3228 -7451 -6016 3120 9052 -656 -9792 -3860 5848 7153 -3526 -7832 1304 9609 4216 -6570 -5135 4001 7560 -2148 -8674 -2742 9123 4386 -5663 -6968 3711 8017 -1119 -9424 -1874 8912 4606 -7141 -5562 7360 5623 -5431 -9737 2010 9906 -143 -9279 -974 8734 4819 -8233 -6496 7718 5807 -6353 -7932 4990 6727 -4327 -8633 3114 7851 -2198 -8724 -419 9289 153 -8152 -602 8223 2291 -9574 -1678 8371 4456 -8596 -3385 7669 3363 -8384 -3647 9275 4064 -6990 -2684 9063 4326 -8596 -3385 7669 3363 -8384 -488 9561 425 -7880
-7880 74
vowel 0 0 480
0 1329 2431 3149 3441 3387 3165 2987 3027 3366 3965 4673 5282 5593 5480 4940 4089 3136 2315 1815 1725 2007 2513 3037 3386 3440 3197 2771 2360 2175 2378 3019 4026 5216 6358 7238 7725 7810 7603 7296 7092 7144 7495 8069 8689 9139 9230 8864 8068 6987 5842 4861 4211 3947 4000 4204 4351 4265 3861 3175 2354 1609 1152 1120 1537 2297 3203 4022 4559 4715 4514 4094 3654 3389 3420 3757 4287 4813 5113 5016 4451 3477 2262 1033 8 -675 -996 -1053 -1030 -1130 -1506 -2209 -3165 -4201 -5093 -5640 -5727 -5363 -4679 -3886 -3210 -2824 -2792 -3056 -3456 -3788 -3873 -3619 -3056 -2327 -1648 -1236 -1247 -1719 -2566 -3600 -4593 -5347 -5755 -5832 -5706 -5572 -5626 -5996 -6697 -7621 -8571 -9319 -9678 -9560 -9006 -8169 -7269 -6521 -6069 -5942 -6049 -6211 -6225 -5930 -5270 -4309 -3219 -2228 -1547 -1307 -1517 -2063 -2746 -3341 -3674 -3674 -3391 -2980 -2643 -2565 -2846 -3464 -4283 -5085 -5644 -5792 -5472 -4753 -3809 -2861 -2108 -1662 -1516 -1546 -1561 -1359 -806 122 1328 2615 3750 4533 4861 4755 4354 3866 3504 3415 3633 4074 4560 4884 4879 4475 3728 2805 1932 1331 1146 1404 2007 2766 3464 3924 4070 3946 3703 3545 3664 4170 5053 6183 7346 8310 8893 9023 8750 8236 7693 7317 7224 7412 7761 8079 8158 7852 7123 6061 4854 3738 2920 2519 2529 2829 3217 3485 3486 3178 2643 2058 1633 1546 1880 2593 3526 4455 5153 5464 5344 4877 4239 3643 3266 3187 3367 3658 3852 3748 3224 2275 1020 -333 -1550 -2440 -2916 -3013 -2879 -2720 -2728 -3023 -3607 -4364 -5097 -5592 -5691 -5340 -4613 -3690 -2803 -2167 -1910 -2043 -2454 -2952 -3333 -3444 -3242 -2803 -2302 -1957 -1956 -2397 -3254 -4379 -5554 -6549 -7198 -7446 -7361 -7110 -6901 -6910 -7221 -7800 -8500 -9107 -9414 -9280 -8685 -7732 -6619 -5581 -4811 -4411 -4354 -4505 -4664 -4638 -4304 -3654 -2801 -1943 -1300 -1048 -1254 -1862 -2704 -3553 -4193 -4485 -4409 -4065 -3636 -3327 -3291 -3580 -4120 -4739 -5213 -5341 -5011 -4230 -3130 -1924 -837 -44 391 526 521 578 877 1508 2441 3533 4567 5325 5652 5509 4981 4255 3560 3093 2961 3148 3526 3900 4073 3917 3416 2679 1902 1313 1099 1347 2017 2954 3940 4759 5267 5435 5353 5201 5182 5455 6079 6989 8012 8922 9507 9635 9299 8611 7774 7010 6493 6297 6370 6558 6659 6488 5947 5056 3954 2856 1991 1527 1522 1906 2506 3101 3493 3571 3343 2930 2528 2337 2492 3018 3818 4695 5417 5785 5697 5173 4354 3448 2668 2163 1966 1994 2070 1987 1580 778 -361 -1672 -2926 -3903 -4456 -4558 -4308 -3893 -3530 -3396 -3566 -3995 -4534 -4975 -5128 -4883 -4249 -3355 -2415 -1661 -1274 -1328 -1770 -2439 -3123 -3625 -3829 -3738 -3470 -3219 -3192 -3534 -4283 -5351 -6548 -7639 -8417 -8762 -8680 -8295 -7806 -7422 -7291 -7454 -7830 -8242 -8480 -8366 -7818 -6879
70777777012211a8cc9b183201b99c6145330199084133a0cfcb990081cacb0a423402a9aa304481ecbcab8988d9bcab18341490aa184523b8ddab8900a8cdbb1a6223029810552412a9ab8a3212fbbc9a423513001873442200a9892113b0cfab184323809950553302a9ab1823b0efbb9b1812a0bc8b723412a8ac8a2191edccaa890098cbab28642281aa8a3124b8dfbb9a1081baae096334128808414402b8bc9b1023a0be8b624522110831452381caaa082291dcac194424119810443402b9bd991090dcbd9a182312ba9b613514a8ccaa0980eaccbb891111a9ac18643381baad0811a0deac9a101280ba0965
0 11 41 104 240 533 1164 2521 3103 3279 4080 4808 5205 5565 5456 4959 4145 3160 2233 1873 1764 2062 2514 3089 3312 3380 3196 2804 2345 2161 2329 2992 3987 5179 6300 7319 7716 7836 7508 7210 7120 7202 7425 8037 8612 9134 9202 8894 8053 6970 5951 4759 4279 3843 3975 4095 4423 4324 3872 3132 2436 1622 1075 1174 1626 2366 3261 4102 4649 4748 4477 4066 3693 3353 3414 3806 4265 4820 5043 4975 4420 3449 2257 1136 117 -545 -905 -1014 -1113 -1203 -1449 -2270 -3255 -4182 -5023 -5570 -5669 -5398 -4658 -3962 -3148 -2820 -2721 -2992 -3403 -3776 -3844 -3660 -3043 -2303 -1607 -1155 -1237 -1759 -2507 -3601 -4620 -5282 -5642 -5751 -5652 -5562 -5644 -6017 -6765 -7660 -8501 -9267 -9764 -9493 -9082 -8111 -7184 -6583 -6036 -5937 -6027 -6273 -6199 -5995 -5317 -4322 -3130 -2329 -1601 -1204 -1564 -2111 -2807 -3259 -3670 -3744 -3404 -2973 -2693 -2540 -2863 -3494 -4308 -5074 -5571 -5842 -5431 -4759 -3764 -2837 -1996 -1668 -1569 -1479 -1561 -1338 -862 63 1255 2697 3667 4548 4708 4853 4456 3855 3527 3428 3699 4110 4632 4836 4897 4505 3740 2755 1828 1227 1118 1416 2049 2789 3485 3937 4019 3945 3741 3557 3613 4174 4995 6199 7320 8339 9001 9121 8793 8296 7663 7252 7178 7382 7813 8093 8144 7821 7190 6014 4893 3874 2947 2587 2478 2776 3228 3474 3548 3208 2653 2131 1655 1594 1874 2639 3624 4551 5152 5480 5381 4929 4189 3692 3240 3158 3381 3721 3905 3737 3176 2205 1013 -429 -1399 -2280 -2760 -2905 -2773 -2653 -2762 -3060 -3693 -4433 -5129 -5581 -5663 -5290 -4678 -3609 -2881 -2219 -1859 -1968 -2465 -2917 -3328 -3402 -3198 -2767 -2262 -1922 -1983 -2375 -3140 -4344 -5465 -6484 -7146 -7506 -7397 -7099 -6828 -6910 -7283 -7759 -8561 -9108 -9406 -9316 -8741 -7770 -6578 -5457 -4729 -4332 -4452 -4561 -4660 -4570 -4324 -3652 -2838 -1853 -1191 -1071 -1180 -1876 -2690 -3456 -4152 -4423 -4341 -4118 -3642 -3334 -3278 -3533 -4135 -4710 -5232 -5300 -4992 -4263 -3169 -1858 -977 -176 260 657 537 646 944 1577 2481 3564 4583 5245 5605 5496 4999 4185 3638 3141 3051 3133 3506 3846 4030 3862 3403 2725 1911 1364 1066 1337 2077 2972 4055 4783 5180 5540 5431 5133 5223 5469 6141 6955 7940 8867 9468 9577 9279 8646 7742 6901 6573 6275 6365 6611 6685 6481 5926 5105 3901 2780 2052 1655 1535 1863 2559 3011 3422 3645 3305 2874 2482 2329 2467 3014 3835 4601 5496 5856 5747 5250 4436 3451 2789 2188 1860 1959 2049 1967 1594 710 -373 -1684 -2917 -4038 -4474 -4606 -4246 -3918 -3620 -3349 -3595 -3968 -4580 -4991 -5065 -4861 -4306 -3335 -2408 -1567 -1239 -1338 -1790 -2365 -3186 -3733 -3832 -3742 -3496 -3273 -3205 -3513 -4242 -5336 -6647 -7528 -8329 -8765 -8633 -8273 -7726 -7428 -7338 -7420 -7793 -8269 -8453 -8397 -7836 -6865
-6865 52
noise 0 0 480
-1781 290 -7851 -5597 -2336 -8471 -9538 8066 -5920 3602 425 2626 -4888 -6486 1891 -7324 1294 5323 -7699 -290 -5394 -2631 -9757 2084 -6413 -6342 9419 7843 7160 -1820 6957 -5192 -4810 -425 -9102 -8995 3238 8584 -3843 6276 4059 -8901 1961 -6339 -9344 -4345 1971 8596 5246 -906 8119 9964 -203 134 -3163 5586 -6536 3632 -2386 819 2572 4448 -8229 3691 8459 6349 -498 2438 9720 -5105 -7803 1772 1468 3398 9048 -1844 4538 -2815 -8834 5921 -6450 9887 -7616 9939 7697 633 -4617 4882 -3194 -5164 3989 1343 -7019 -3347 -5868 -6672 3853 383 602 -3458 7813 7790 9205 -7083 -763 5208 -1023 -2891 8320 -909 8510 -539 -2624 -2451 -7255 4935 -6319 2844 -7348 -4877 -7643 -6601 -3252 1966 8720 -2529 -309 1224 6073 1605 6856 -301 2132 2464 1907 7086 1924 450 3620 -1752 -712 -7017 1704 -2398 -477 -2483 3245 -1209 -1150 -6821 7714 -471 -7702 5601 3245 5591 -2352 -5308 -9980 -6109 7828 -6287 -6313 -6795 2069 3793 -6289 -7528 -7043 9575 9432 4217 7695 7398 -9246 -3203 -1958 1755 7938 -1550 5456 7733 -3503 3083 7687 9683 844 6414 -3023 -9647 7178 -9523 697 4183 6541 9651 -9071 -9102 8512 9907 3776 -7760 1068 4387 -2295 1496 7965 -4736 -5579 9625 -9972 -2415 9667 -4100 -5519 -4787 -2415 -524 -6693 5359 -6738 4361 1898 -4483 7892 -7549 -2752 -8023 -3201 -7417 6120 9228 -3501 -7176 1392 -577 6454 -4071 6122 -8900 -2785 -7550 -1828 -7029 -3951 5890 -9619 -2018 -72 8962 7163 -1734 2402 -1888 838 1613 -315 -1891 4038 6231 1672 7331 -8596 -2527 1256 -5088 7848 -7848 8606 -2593 -6063 4167 -5209 1712 167 -8265 -538 -8974 -7540 -9351 658 7707 2579 -4108 -2169 3629 -673 -5058 -5647 -45 7908 -6628 -3109 -3942 -3037 6129 7049 -5948 -7543 -6929 8176 -9492 -6636 -1228 -1040 4472 -6170 486 7732 -1121 -5967 1489 8215 5431 -1128 7532 -5858 6235 4997 6131 -7328 -6683 -8321 9281 -1424 4799 4072 -4313 2694 5948 885 -5159 6709 9493 -2292 44 -7783 3380 3372 -3818 9839 -5114 4334 -8596 -960 -4372 -2818 -6225 -8353 937 -5850 -8812 -199 9110 -7241 8373 -6863 2019 -5507 7465 4074 -9927 6130 -2209 -1279 -5324 1708 -6067 5062 5804 -609 -4735 8678 -5833 9463 2123 -6980 -4432 -6767 -9873 -4558 1552 2638 -5806 -4797 2023 -8677 -3641 3577 -5943 5909 -24 -9490 -6697 -5174 -3776 4452 -7566 -8546 -8222 -8566 -1680 -1116 -3662 112 6088 -4936 4382 8912 -5517 9143 2444 -7282 -9366 7740 992 2730 6898 -7006 -2510 -1384 8742 -7134 -3819 4763 -4583 -3617 3926 -6518 2444 -1906 1174 -4038 -531 -6576 5674 -2464 -6684 8211 9741 -2899 -6432 -6584 -3938 -4550 -6826 6277 5493 8725 2350 -9266 -881 -3675 -42 -5976 8051 4845 -9162 -1591 1409 -3446 6820 5072 -4898 -8726 7943 -3585 3521 3694 -7232 -4479 -9420 -395 9608 958 6671 1335 8408 3749 -4816
7fffff7f5f199bb4231f194a8a86a0c2000a143cd8921932b9140d393d1a003e811af22818c1a26a4b3b98398b931c88969004f0118aa3b3097b2a0b0821d400a2b281488bd2b09690a3b8975a089a2ab708128c6088001e00a1112c012badb602010e03b9122be2581cb20800493bb8c69191049b93c3e391a2311e30b8910098144b0fa1c4a4281aa8b28025b930aa48e58030d008c410282cb229934b3e080d581aa011aa150c4aa8b5b28190599a433e2b4ab9a580a1039ac6930a9822c0301dc3940b10e3083888313fd1938b96001b300ea2203c1a196b9a059b009086a12c186ac81129b8791ab0a1431a29ca
-11 19 -44 -180 -473 -1104 -2461 449 -5787 4019 104 3663 -3887 -6828 1195 -6355 508 4965 -7192 -1981 -6718 -2412 -8938 1741 -5437 -6742 8683 6581 8492 -194 7702 -5220 -3483 -1904 -9082 -7777 2902 7208 -4539 6515 5080 -9277 278 -4933 -9670 -5364 1162 9467 6232 -631 7392 10627 -159 1276 -2639 5666 -6199 4855 -2323 1592 2778 3856 -8891 3269 8006 6571 45 3604 8997 -5711 -7813 1742 5 4742 9048 -2699 5197 -1981 -8507 6918 -7797 9403 -6784 7931 6020 809 -3928 6121 -3015 -4201 3349 408 -7615 -4380 -5360 -6251 4285 -21 1284 -2275 7433 8738 9924 -6256 681 6987 -2568 -4305 6749 -429 8707 402 -2833 -1853 -8093 4064 -4622 3274 -6775 -5470 -6656 -5578 -2637 1820 9114 -1672 -237 1068 7000 1607 6509 269 2700 1964 1295 6774 1618 949 3992 -2096 -1286 -6442 2264 -1295 -217 -3158 3082 -970 -1706 -6393 2738 -1177 -7109 4756 3177 4612 -1914 -5473 -10866 -5964 7408 -5969 -7706 -6127 1051 4966 -5713 -7148 -5843 9582 7480 5569 7306 8885 -9780 -2150 162 2264 7997 -689 4048 8354 -3393 4503 8809 10114 1809 7202 -3584 -10762 6206 -9981 530 2441 7652 9231 -9434 -6891 9296 11398 5665 -6495 1401 5707 -3429 2503 7896 -4851 -6588 10784 -10028 -1634 11084 -5103 -7205 -5294 -3557 -1978 -6284 5463 -5591 4458 3153 -5152 8871 -8329 -1392 -7698 -1965 -7176 7038 8949 -3211 -7948 2101 -1814 6491 -3217 5919 -9506 -3200 -8933 -247 -8143 -3837 5299 -10126 -3820 -1909 10251 8672 -1377 2538 -1021 57 1037 146 -2285 4345 7019 1346 7976 -5396 -3485 1726 -6170 6752 -8884 10036 -2682 -4994 5517 -4038 1173 -406 -7584 -1058 -9363 -8285 -9265 541 7067 3508 -4042 -3062 3178 -874 -4557 -5226 253 8356 -5667 -3756 -5493 -3914 6135 7440 -5612 -7349 -5770 7152 -8484 -6382 -649 -2386 5510 -7412 1274 9170 -879 -4794 1138 8688 5747 -493 6801 -5946 6214 4635 6070 -8287 -6376 -8113 9259 -2303 4003 5914 -2772 1965 6271 -255 -6187 5678 10415 -2507 -770 -8666 4256 2519 -5377 10416 -4299 5256 -6904 -2167 -3602 -2297 -5856 -9091 1695 -5483 -9398 -1093 8615 -8353 7834 -6881 2674 -6012 8202 2469 -9691 7681 -3881 -1779 -3690 1521 -6375 3674 4979 -953 -4188 8559 -7077 7638 1905 -6781 -5202 -6637 -10552 -4620 773 1753 -6270 -5192 1671 -8135 -4220 4085 -5623 6124 1387 -8662 -7357 -6171 -2936 3927 -7662 -9241 -7806 -9111 -806 -1884 -2864 -190 5483 -5567 5487 9793 -4564 8813 3602 -7452 -8887 8081 1144 3246 5157 -7003 -2266 -831 8305 -7120 -5018 4537 -4149 -2570 4608 -7139 3915 -3263 652 -2907 328 -6535 5054 -2842 -7148 7209 9120 -3040 -7777 -6342 -5037 -3851 -7086 5661 3924 8661 1483 -10264 -2368 -3803 112 -5820 8203 6292 -9344 -3038 2695 -2516 5380 3945 -5191 -8750 7430 -4132 2174 4085 -8075 -3338 -10516 -1380 9299 2121 6036 2477 7870 2968 -5055
-5055 74
full_scale_square 0 0 480
-32768 -32768 -32768 -32768 -32768 -32768 -32768 -32768 -32768 -32768 -32768 -32768 32767 32767 32767 32767 32767 32767 32767 32767 32767 32767 32767 32767 -32768 -32768 -32768 -32768 -32768 -32768 -32768 -32768 -32768 -32768 -32768 -32768 32767 32767 32767 32767 32767 32767 32767 32767 32767 32767 32767 32767 -32768 -32768 -32768 -32768 -32768 -32768 -32768 -32768 -32768 -32768 -32768 -32768 32767 32767 32767 32767 32767 32767 32767 32767 32767 32767 32767 32767 -32768 -32768 -32768 -32768 -32768 -32768 -32768 -32768 -32768 -32768 -32768 -32768 32767 32767 32767 32767 32767 32767 32767 32767 32767 32767 32767 32767 -32768 -32768 -32768 -32768 -32768 -32768 -32768 -32768 -32768 -32768 -32768 -32768 32767 32767 32767 32767 32767 32767 32767 32767 32767 32767 32767 32767 -32768 -32768 -32768 -32768 -32768 -32768 -32768 -32768 -32768 -32768 -32768 -32768 32767 32767 32767 32767 32767 32767 32767 32767 32767 32767 32767 32767 -32768 -32768 -32768 -32768 -32768 -32768 -32768 -32768 -32768 -32768 -32768 -32768 32767 32767 32767 32767 32767 32767 32767 32767 32767 32767 32767 32767 -32768 -32768 -32768 -32768 -32768 -32768 -32768 -32768 -32768 -32768 -32768 -32768 32767 32767 32767 32767 32767 32767 32767 32767 32767 32767 32767 32767 -32768 -32768 -32768 -32768 -32768 -32768 -32768 -32768 -32768 -32768 -32768 -32768 32767 32767 32767 32767 32767 32767 32767 32767 32767 32767 32767 32767 -32768 -32768 -32768 -32768 -32768 -32768 -32768 -32768 -32768 -32768 -32768 -32768 32767 32767 32767 32767 32767 32767 32767 32767 32767 32767 32767 32767 -32768 -32768 -32768 -32768 -32768 -32768 -32768 -32768 -32768 -32768 -32768 -32768 32767 32767 32767 32767 32767 32767 32767 32767 32767 32767 32767 32767 -32768 -32768 -32768 -32768 -32768 -32768 -32768 -32768 -32768 -32768 -32768 -32768 32767 32767 32767 32767 32767 32767 32767 32767 32767 32767 32767 32767 -32768 -32768 -32768 -32768 -32768 -32768 -32768 -32768 -32768 -32768 -32768 -32768 32767 32767 32767 32767 32767 32767 32767 32767 32767 32767 32767 32767 -32768 -32768 -32768 -32768 -32768 -32768 -32768 -32768 -32768 -32768 -32768 -32768 32767 32767 32767 32767 32767 32767 32767 32767 32767 32767 32767 32767 -32768 -32768 -32768 -32768 -32768 -32768 -32768 -32768 -32768 -32768 -32768 -32768 32767 32767 32767 32767 32767 32767 32767 32767 32767 32767 32767 32767 -32768 -32768 -32768 -32768 -32768 -32768 -32768 -32768 -32768 -32768 -32768 -32768 32767 32767 32767 32767 32767 32767 32767 32767 32767 32767 32767 32767 -32768 -32768 -32768 -32768 -32768 -32768 -32768 -32768 -32768 -32768 -32768 -32768 32767 32767 32767 32767 32767 32767 32767 32767 32767 32767 32767 32767 -32768 -32768 -32768 -32768 -32768 -32768 -32768 -32768 -32768 -32768 -32768 -32768 32767 32767 32767 32767 32767 32767 32767 32767 32767 32767 32767 32767 -32768 -32768 -32768 -32768 -32768 -32768 -32768 -32768 -32768 -32768 -32768 -32768 32767 32767 32767 32767 32767 32767 32767 32767 32767 32767 32767 32767 -32768 -32768 -32768 -32768 -32768 -32768 -32768 -32768 -32768 -32768 -32768 -32768 32767 32767 32767 32767 32767 32767 32767 32767 32767 32767 32767 32767
ffffffffff0a570000000000ef8008888008570000000000ef8008888008570000000000ef8008888008570000000000ef8008888008570000000000ef8008888008570000000000ef8008888008570000000000ef8008888008570000000000ef8008888008570000000000ef8008888008570000000000ef8008888008570000000000ef8008888008570000000000ef8008888008570000000000ef8008888008570000000000ef8008888008570000000000ef8008888008570000000000ef8008888008570000000000ef8008888008570000000000ef8008888008570000000000ef8008888008570000000000
-11 -41 -104 -240 -533 -1164 -2521 -5431 -11667 -25039 -32768 -31031 -7342 29900 32767 32767 32767 32767 32767 32767 32767 32767 32767 32767 9078 -32768 -28673 -32397 -32768 -29691 -32489 -32768 -30456 -32558 -32768 -31031 -7342 29900 32767 32767 32767 32767 32767 32767 32767 32767 32767 32767 9078 -32768 -28673 -32397 -32768 -29691 -32489 -32768 -30456 -32558 -32768 -31031 -7342 29900 32767 32767 32767 32767 32767 32767 32767 32767 32767 32767 9078 -32768 -28673 -32397 -32768 -29691 -32489 -32768 -30456 -32558 -32768 -31031 -7342 29900 32767 32767 32767 32767 32767 32767 32767 32767 32767 32767 9078 -32768 -28673 -32397 -32768 -29691 -32489 -32768 -30456 -32558 -32768 -31031 -7342 29900 32767 32767 32767 32767 32767 32767 32767 32767 32767 32767 9078 -32768 -28673 -32397 -32768 -29691 -32489 -32768 -30456 -32558 -32768 -31031 -7342 29900 32767 32767 32767 32767 32767 32767 32767 32767 32767 32767 9078 -32768 -28673 -32397 -32768 -29691 -32489 -32768 -30456 -32558 -32768 -31031 -7342 29900 32767 32767 32767 32767 32767 32767 32767 32767 32767 32767 9078 -32768 -28673 -32397 -32768 -29691 -32489 -32768 -30456 -32558 -32768 -31031 -7342 29900 32767 32767 32767 32767 32767 32767 32767 32767 32767 32767 9078 -32768 -28673 -32397 -32768 -29691 -32489 -32768 -30456 -32558 -32768 -31031 -7342 29900 32767 32767 32767 32767 32767 32767 32767 32767 32767 32767 9078 -32768 -28673 -32397 -32768 -29691 -32489 -32768 -30456 -32558 -32768 -31031 -7342 29900 32767 32767 32767 32767 32767 32767 32767 32767 32767 32767 9078 -32768 -28673 -32397 -32768 -29691 -32489 -32768 -30456 -32558 -32768 -31031 -7342 29900 32767 32767 32767 32767 32767 32767 32767 32767 32767 32767 9078 -32768 -28673 -32397 -32768 -29691 -32489 -32768 -30456 -32558 -32768 -31031 -7342 29900 32767 32767 32767 32767 32767 32767 32767 32767 32767 32767 9078 -32768 -28673 -32397 -32768 -29691 -32489 -32768 -30456 -32558 -32768 -31031 -7342 29900 32767 32767 32767 32767 32767 32767 32767 32767 32767 32767 9078 -32768 -28673 -32397 -32768 -29691 -32489 -32768 -30456 -32558 -32768 -31031 -7342 29900 32767 32767 32767 32767 32767 32767 32767 32767 32767 32767 9078 -32768 -28673 -32397 -32768 -29691 -32489 -32768 -30456 -32558 -32768 -31031 -7342 29900 32767 32767 32767 32767 32767 32767 32767 32767 32767 32767 9078 -32768 -28673 -32397 -32768 -29691 -32489 -32768 -30456 -32558 -32768 -31031 -7342 29900 32767 32767 32767 32767 32767 32767 32767 32767 32767 32767 9078 -32768 -28673 -32397 -32768 -29691 -32489 -32768 -30456 -32558 -32768 -31031 -7342 29900 32767 32767 32767 32767 32767 32767 32767 32767 32767 32767 9078 -32768 -28673 -32397 -32768 -29691 -32489 -32768 -30456 -32558 -32768 -31031 -7342 29900 32767 32767 32767 32767 32767 32767 32767 32767 32767 32767 9078 -32768 -28673 -32397 -32768 -29691 -32489 -32768 -30456 -32558 -32768 -31031 -7342 29900 32767 32767 32767 32767 32767 32767 32767 32767 32767 32767 9078 -32768 -28673 -32397 -32768 -29691 -32489 -32768 -30456 -32558 -32768 -31031 -7342 29900 32767 32767 32767 32767 32767 32767 32767 32767 32767 32767
32767 78
mid_state_start -1234 40 200
0 1329 2431 3149 3441 3387 3165 2987 3027 3366 3965 4673 5282 5593 5480 4940 4089 3136 2315 1815 1725 2007 2513 3037 3386 3440 3197 2771 2360 2175 2378 3019 4026 5216 6358 7238 7725 7810 7603 7296 7092 7144 7495 8069 8689 9139 9230 8864 8068 6987 5842 4861 4211 3947 4000 4204 4351 4265 3861 3175 2354 1609 1152 1120 1537 2297 3203 4022 4559 4715 4514 4094 3654 3389 3420 3757 4287 4813 5113 5016 4451 3477 2262 1033 8 -675 -996 -1053 -1030 -1130 -1506 -2209 -3165 -4201 -5093 -5640 -5727 -5363 -4679 -3886 -3210 -2824 -2792 -3056 -3456 -3788 -3873 -3619 -3056 -2327 -1648 -1236 -1247 -1719 -2566 -3600 -4593 -5347 -5755 -5832 -5706 -5572 -5626 -5996 -6697 -7621 -8571 -9319 -9678 -9560 -9006 -8169 -7269 -6521 -6069 -5942 -6049 -6211 -6225 -5930 -5270 -4309 -3219 -2228 -1547 -1307 -1517 -2063 -2746 -3341 -3674 -3674 -3391 -2980 -2643 -2565 -2846 -3464 -4283 -5085 -5644 -5792 -5472 -4753 -3809 -2861 -2108 -1662 -1516 -1546 -1561 -1359 -806 122 1328 2615 3750 4533 4861 4755 4354 3866 3504 3415 3633 4074 4560 4884 4879 4475 3728 2805 1932 1331 1146 1404 2007 2766 3464 3924
77148088102213b8be9c182202aa9c5255230189094123a0debb8a0091caad8a423402a89b203592fcbcaa8980bace9a184222989a294513b0ceab8910a8cdac093325028910643303b8ac893102eacc8a413422801073442200a9892122b0cfab184323
-603 754 2500 3203 3416 3222 3046 2886 3031 3428 4029 4576 5272 5543 5461 4939 4055 3214 2229 1832 1712 2040 2537 2989 3400 3474 3134 2826 2321 2117 2425 3042 3946 5269 6502 7303 7739 7871 7511 7402 7104 7194 7440 8112 8745 9156 9230 8890 8088 6884 5763 4744 4082 3962 4071 4170 4441 4195 3822 3210 2306 1705 1158 1059 1511 2251 3146 3987 4534 4633 4543 4132 3610 3406 3467 3747 4308 4830 5170 4986 4481 3461 2150 917 116 -612 -1009 -1129 -1020 -1119 -1571 -2146 -3117 -4309 -5110 -5546 -5678 -5318 -4771 -3876 -3275 -2728 -2827 -3098 -3509 -3732 -3936 -3628 -3011 -2271 -1575 -1304 -1222 -1744 -2628 -3711 -4730 -5392 -5752 -5861 -5762 -5491 -5573 -5946 -6694 -7589 -8672 -9400 -9797 -9677 -8911 -8215 -7220 -6558 -5957 -5848 -6146 -6236 -6154 -5931 -5319 -4250 -3231 -2304 -1463 -1354 -1453 -2086 -2826 -3323 -3594 -3676 -3453 -2977 -2669 -2613 -2868 -3470 -4210 -5105 -5706 -5815 -5517 -4703 -3718 -2791 -2190 -1643 -1544 -1634 -1552 -1329 -853 72 1264 2706 3676 4557 4717 4862 4465 3864 3536 3437 3708 4119 4492 4832 4893 4501 3736 2751 1824 1223 1114 1412 2045 2785 3481 3933
3933 47
max_index_start 30000 88 100
0 485 999 1538 2101 2682 3280 3887 4499 5109 5709 6290 6843 7358 7823 8227 8559 8806 8956 8999 8923 8719 8380 7902 7281 6518 5617 4588 3444 2201 882 -485 -1871 -3239 -4550 -5766 -6843 -7742 -8423 -8851 -9000 -8846 -8380 -7603 -6528 -5182 -3606 -1856 0 1885 3714 5396 6843 7971 8708 8997 8803 8116 6957 5373 3444 1276 -999 -3239 -5290 -7003 -8245 -8908 -8923 -8263 -6957 -5085 -2781 -220 2386 4814 6843 8274 8956 8800 7794 6011 3606 808 -2101 -4814 -7031 -8488 -9000 -8478 -6957 -4588 -1640 1538 4550 7003 8559 8986 8197 6269
8b00080880008000088008889899a9bacbbaab9a084254343443220198ccbcbdba9a105335242300cacccb9a1942442302b9
1331 -2393 992 4069 1271 3814 1502 3604 5515 3778 5357 6792 8097 6911 7989 8969 8078 8888 9624 8955 8347 8900 8397 7940 7525 6391 5361 4425 3573 2282 1109 -383 -1741 -3328 -4394 -5752 -6985 -7786 -8514 -8911 -9031 -8922 -8425 -7611 -6626 -5169 -3423 -1781 139 1946 3588 5508 6799 7972 8611 8805 8629 8149 6838 5251 3331 1524 -1057 -3461 -5022 -7010 -8301 -9004 -8791 -8209 -6976 -5214 -2633 -229 2582 4472 6876 8437 8721 8979 7806 5886 3562 751 -1895 -4987 -7065 -8199 -9229 -8293 -6873 -4549 -1738 1664 4866 6944 8834 9177 8241 6253
6253 59
